5000 5.046004056930542
10000 19.97433304786682
15000 44.53278040885925
20000 73.47440814971924
25000 114.61522889137268
30000 164.10236501693726
35000 221.58368492126465
40000 289.0366494655609
45000 365.9819724559784
50000 452.8662989139557
55000 547.0429384708405
60000 650.2571196556091
65000 763.6875004768372
70000 889.8529062271118
5000 4.586086988449097
10000 18.12478256225586
15000 40.67581868171692
20000 73.05786895751953
25000 121.14324951171875
30000 169.42162775993347
35000 223.7371687889099
40000 298.7154269218445
45000 398.04258465766907
50000 480.5081305503845
55000 574.9312391281128
60000 687.1955580711365
65000 803.6222355365753
70000 953.2257540225983
5000 4.808042764663696
10000 18.414379835128784
15000 44.28263568878174
20000 74.84793472290039
25000 115.93024110794067
30000 165.7142457962036
35000 228.11476922035217
40000 296.55205512046814
45000 389.4637703895569
50000 455.72780299186707
55000 570.3469717502594
60000 653.8476059436798
65000 773.9835865497589
70000 919.5980565547943
5000 4.5805745124816895
10000 18.152955055236816
15000 40.847970485687256
20000 72.34918642044067
25000 113.15010738372803
30000 169.07136392593384
35000 221.92987155914307
40000 289.2595913410187
45000 366.0679793357849
50000 452.7216145992279
55000 546.5442733764648
60000 650.426087141037
65000 763.2560186386108
70000 885.6259431838989
5000 4.552773952484131
10000 18.139302015304565
15000 40.79437708854675
20000 72.45891404151917
25000 113.1613597869873
30000 162.85069608688354
35000 221.66541981697083
40000 289.1959869861603
45000 366.27557587623596
50000 451.95238423347473
55000 546.3384692668915
60000 650.6928420066833
65000 763.169819355011
70000 885.3362510204315
5000 4.553084850311279
10000 18.126587629318237
15000 40.77484846115112
20000 72.48465728759766
25000 113.07728171348572
30000 162.74634265899658
35000 221.36922121047974
40000 289.2256166934967
45000 365.9421660900116
50000 451.3380072116852
55000 546.7118260860443
60000 650.3836240768433
65000 763.4620289802551
70000 884.7599170207977
5000 4.5508058071136475
10000 18.11147689819336
15000 40.78252863883972
20000 72.41046094894409
25000 113.02348160743713
30000 162.75603008270264
35000 221.67120552062988
40000 289.3363962173462
45000 366.18189668655396
50000 451.64800000190735
55000 546.0492906570435
60000 650.273717880249
65000 763.2912077903748
70000 884.8590772151947
5000 4.572377681732178
10000 18.180702686309814
15000 40.76613211631775
20000 72.48311734199524
25000 113.3251485824585
30000 162.89047050476074
35000 221.53376722335815
40000 289.2208094596863
45000 366.2074775695801
50000 451.8990843296051
55000 546.4869537353516
60000 650.6219067573547
65000 762.7488622665405
70000 885.1774003505707
5000 4.549667835235596
10000 18.121477365493774
15000 40.67247724533081
20000 72.59711599349976
25000 112.97396397590637
30000 162.96010613441467
35000 221.27737593650818
40000 289.43186807632446
45000 366.0979804992676
50000 456.1052839756012
55000 546.6453533172607
60000 651.1361262798309
65000 821.9417805671692
70000 895.3894667625427
5000 4.650097370147705
10000 19.61114740371704
15000 40.77518129348755
20000 73.12278485298157
25000 113.15027713775635
30000 162.7917287349701
35000 221.50794863700867
40000 290.577999830246
45000 365.99038219451904
50000 451.6871211528778
55000 546.6248669624329
60000 650.6905314922333
65000 763.6355218887329
70000 884.9010512828827
