5000 4.7090277671813965
10000 18.720059156417847
15000 41.34577393531799
20000 74.66090106964111
25000 119.35042119026184
30000 169.9639072418213
35000 224.87088775634766
40000 290.2555389404297
45000 367.3103141784668
50000 453.666978597641
55000 549.1624736785889
60000 653.3906166553497
65000 766.9974811077118
70000 888.9191997051239
5000 4.585245609283447
10000 18.296708345413208
15000 40.85938286781311
20000 72.72985243797302
25000 115.61093497276306
30000 188.60741758346558
35000 224.4578287601471
40000 295.1100161075592
45000 392.2503559589386
50000 457.2549922466278
55000 565.1481478214264
60000 675.1231689453125
65000 785.954008102417
70000 897.0770719051361
5000 4.6368796825408936
10000 18.35423994064331
15000 41.34739422798157
20000 73.70080780982971