5000 4.90687370300293
10000 21.013193607330322
15000 42.69548964500427
20000 74.37490034103394
25000 116.73616409301758
30000 167.34627175331116
35000 228.05117106437683
40000 297.1349332332611
45000 372.64297890663147
50000 459.7528066635132
55000 558.513988494873
60000 661.8216388225555
65000 778.5316758155823
70000 900.7013733386993
5000 4.630859375
10000 18.60911512374878
15000 41.7674674987793
20000 74.36774158477783
25000 115.7110002040863
30000 165.64754343032837
35000 224.90133047103882
40000 294.3394956588745
45000 372.03911542892456
50000 459.4144971370697
55000 556.871993303299
60000 660.8517656326294
65000 779.31764960289
5000 5.229966163635254
10000 19.328654527664185
15000 43.41753602027893
20000 74.00542163848877
25000 114.96572041511536
30000 165.198096036911
35000 222.72303771972656
40000 293.39778757095337
45000 369.8836648464203
50000 453.9239044189453
55000 551.3705179691315
60000 669.3465130329132
65000 804.3881778717041
70000 929.0906999111176
5000 4.671401739120483
10000 19.717104196548462
15000 41.49381351470947
20000 76.70582723617554
25000 114.45913434028625
30000 164.96880435943604
35000 225.91340374946594
40000 299.2071578502655
45000 370.53750824928284
50000 456.34595704078674
55000 550.4119427204132
60000 660.0173003673553
65000 797.7338387966156
70000 935.9996075630188
5000 4.646078109741211
10000 18.399292469024658
15000 42.18630266189575
20000 76.92582511901855
25000 121.84297156333923
30000 172.13434219360352
35000 227.20245456695557
40000 298.62941575050354
45000 390.74176144599915
50000 463.2669897079468
55000 553.9607267379761
60000 663.1804521083832
65000 770.4940767288208
70000 892.5560891628265
5000 4.577917575836182
10000 18.275803565979004
15000 40.98532724380493
20000 72.82767462730408
25000 113.96135950088501
30000 163.9203429222107
35000 223.0818293094635
40000 292.9643666744232
45000 368.46020889282227
50000 455.7421193122864
55000 551.0074293613434
60000 658.0264828205109
65000 770.1894764900208
70000 893.9000701904297
5000 4.56615424156189
10000 18.214818716049194
15000 41.04461932182312
20000 72.91910099983215
25000 114.29153728485107
30000 164.66269755363464
35000 223.1565296649933
40000 291.79090452194214
45000 369.9407105445862
50000 455.05011653900146
55000 550.7042598724365
60000 661.2996969223022
65000 771.5039458274841
70000 893.5903995037079
5000 4.56640362739563
10000 18.211026906967163
15000 41.15074372291565
20000 72.93521189689636
25000 113.80644369125366
30000 163.89885449409485
35000 223.7276999950409
40000 291.90755558013916
45000 369.0257992744446
50000 456.9035563468933
55000 551.9755063056946
60000 663.7744090557098
65000 811.6849265098572
70000 898.8555111885071
5000 4.5601537227630615
10000 18.22583794593811
15000 40.96117281913757
20000 72.88601231575012
25000 114.13717412948608
30000 165.25878834724426
35000 224.39289951324463
40000 291.6311311721802
45000 370.66257190704346
50000 461.81936860084534
55000 560.0761482715607
60000 664.0961720943451
65000 778.9417426586151
70000 897.0164256095886
5000 4.579423189163208
10000 18.247259378433228
15000 41.041600465774536
20000 72.93092846870422
25000 113.76005148887634
30000 164.03070092201233
35000 225.50204229354858
40000 292.91778087615967
45000 371.1045334339142
50000 455.45775842666626
55000 551.3339107036591