5000 0.09270524978637695
10000 0.15882396697998047
15000 0.25069570541381836
20000 0.3392808437347412
25000 0.4525027275085449
30000 0.5101041793823242
35000 0.6254360675811768
40000 0.7096443176269531
45000 0.7859079837799072
50000 0.8973531723022461
55000 0.985374927520752
60000 1.0774552822113037
65000 1.1762444972991943
70000 1.278144121170044
5000 0.08839988708496094
10000 0.15680336952209473
15000 0.24670076370239258
20000 0.3394312858581543
25000 0.44927453994750977
30000 0.5106751918792725
35000 0.6298129558563232
40000 0.7062461376190186
45000 0.8124094009399414
50000 0.895716667175293
55000 1.0031142234802246
60000 1.0834429264068604
65000 1.1754112243652344
70000 1.270622968673706
5000 0.07630133628845215
10000 0.18112444877624512
15000 0.24123454093933105
20000 0.348095178604126
25000 0.44187450408935547
30000 0.515052318572998
35000 0.6173632144927979
40000 0.7038328647613525
45000 0.8104922771453857
50000 0.8943452835083008
55000 0.9895462989807129
60000 1.087756633758545
65000 1.1750991344451904
70000 1.2714626789093018
5000 0.07536530494689941
10000 0.15813398361206055
15000 0.2755856513977051
20000 0.33360815048217773
25000 0.42289233207702637
30000 0.5387332439422607
35000 0.6087892055511475
40000 0.7096755504608154
45000 0.7987103462219238
50000 0.8972475528717041
55000 0.989081621170044
60000 1.0914287567138672
65000 1.173459768295288
70000 1.294274091720581
5000 0.07588768005371094
10000 0.1563272476196289
15000 0.2472827434539795
20000 0.360048770904541
25000 0.4243619441986084
30000 0.5260183811187744
35000 0.6125514507293701
40000 0.7173569202423096
45000 0.8055908679962158
50000 0.8926999568939209
55000 0.9863345623016357
60000 1.0791687965393066
65000 1.1919541358947754
70000 1.2709355354309082
5000 0.07543444633483887
10000 0.1571028232574463
15000 0.33576202392578125
20000 0.40007686614990234
25000 0.4310882091522217
30000 0.5335965156555176
35000 0.5987751483917236
40000 0.7093019485473633
45000 0.8114049434661865
50000 0.883786678314209
55000 0.9855489730834961
60000 1.0785255432128906
65000 1.198258399963379
70000 1.2859854698181152
5000 0.07513785362243652
10000 0.15764069557189941
15000 0.25879645347595215
20000 0.351517915725708
25000 0.43039727210998535
30000 0.5156815052032471
35000 0.6219534873962402
40000 0.7084062099456787
45000 0.7849271297454834
50000 0.8971149921417236
55000 0.9855766296386719
60000 1.087895393371582
65000 1.1789531707763672
70000 1.3015775680541992
5000 0.07384419441223145
10000 0.15362763404846191
15000 0.24715638160705566
20000 0.3469243049621582
25000 0.43584489822387695
30000 0.5139529705047607
35000 0.6055357456207275
40000 0.6996314525604248
45000 0.8059651851654053
50000 0.894798755645752
55000 0.97157883644104
60000 1.0698323249816895
65000 1.1557297706604004
70000 1.259197473526001
5000 0.07478857040405273
10000 0.15964055061340332
15000 0.26894426345825195
20000 0.3356361389160156
25000 0.42090463638305664
30000 0.520043134689331
35000 0.6096978187561035
40000 0.6872305870056152
45000 0.7928297519683838
50000 0.8786296844482422
55000 0.9828293323516846
60000 1.0701212882995605
65000 1.1570594310760498
70000 1.2555432319641113
5000 0.07472729682922363
10000 0.15664935111999512
15000 0.2432563304901123
20000 0.3558368682861328
25000 0.415834903717041
30000 0.5264816284179688
35000 0.5994207859039307
40000 0.7351834774017334
45000 0.796506404876709
50000 0.8760843276977539
55000 1.0185494422912598
60000 1.0766868591308594
65000 1.175736665725708
70000 1.266019344329834