5000 0.05469775199890137
10000 0.07676315307617188
15000 0.09430527687072754
20000 0.14574980735778809
25000 0.19588899612426758
30000 0.21231937408447266
35000 0.2386488914489746
40000 0.319652795791626
45000 0.347059965133667
50000 0.37861013412475586
55000 0.39257335662841797
60000 0.4602508544921875
65000 0.48636531829833984
70000 0.5470545291900635
75000 0.5551135540008545
80000 0.6127922534942627
85000 0.6407017707824707
90000 0.6836426258087158
95000 0.7418379783630371
100000 0.7439699172973633
105000 0.8098115921020508
110000 0.8528797626495361
115000 0.8976774215698242
120000 0.943774938583374
5000 0.028133869171142578
10000 0.05981111526489258
15000 0.0927743911743164
20000 0.15237712860107422
25000 0.1748180389404297
30000 0.22033977508544922
35000 0.2732102870941162
40000 0.3150508403778076
45000 0.3308379650115967
50000 0.38034701347351074
55000 0.4355611801147461
60000 0.4445993900299072
65000 0.6125142574310303
70000 0.5198872089385986
75000 0.5981438159942627
80000 0.6034185886383057
85000 0.6528310775756836
90000 0.6694619655609131
95000 0.7881622314453125
100000 0.92409348487854
105000 0.907573938369751
110000 0.8544552326202393
115000 0.9799034595489502
120000 0.9263272285461426
5000 0.02844858169555664
10000 0.06224989891052246
15000 0.11956429481506348
20000 0.14543581008911133
25000 0.17162680625915527
30000 0.20260000228881836
35000 0.2521071434020996
40000 0.32803845405578613
45000 0.3269081115722656
50000 0.3623058795928955
55000 0.42459559440612793
60000 0.4324073791503906
65000 0.49468994140625
70000 0.5377621650695801
75000 0.5653939247131348
80000 0.6054420471191406
85000 0.6555330753326416
90000 0.6775872707366943
95000 0.7283351421356201
100000 0.7792618274688721
105000 0.7797286510467529
110000 0.8582141399383545
115000 0.9005346298217773
120000 0.9490950107574463
5000 0.028261423110961914
10000 0.06046128273010254
15000 0.09463334083557129
20000 0.13314414024353027
25000 0.16413664817810059
30000 0.23587298393249512
35000 0.2406001091003418
40000 0.28224897384643555
45000 0.32622289657592773
50000 0.38726282119750977
55000 0.3974630832672119
60000 0.4473600387573242
65000 0.49327921867370605
70000 0.5138494968414307
75000 0.572110652923584
80000 0.6118767261505127
85000 0.6377770900726318
90000 0.6953270435333252
95000 0.7087440490722656
100000 0.7730438709259033
105000 0.8203728199005127
110000 0.8455162048339844
115000 0.8750810623168945
120000 0.9391932487487793
5000 0.028307437896728516
10000 0.06060528755187988
15000 0.12086367607116699
20000 0.1348280906677246
25000 0.18017315864562988
30000 0.20343756675720215
35000 0.24198365211486816
40000 0.3155350685119629
45000 0.3276371955871582
50000 0.35366106033325195
55000 0.4275329113006592
60000 0.4589388370513916
65000 0.47730350494384766
70000 0.5413098335266113
75000 0.5468289852142334
80000 0.6053917407989502
85000 0.6490426063537598
90000 0.6662211418151855
95000 0.7269542217254639
100000 0.7721290588378906
105000 0.8165380954742432
110000 0.862684965133667
115000 0.8863184452056885
120000 0.973595142364502
5000 0.028273582458496094
10000 0.06044149398803711
15000 0.09460902214050293
20000 0.14031076431274414
25000 0.16497588157653809
30000 0.2371671199798584
35000 0.23876142501831055
40000 0.2891077995300293
45000 0.32070302963256836
50000 0.3867514133453369
55000 0.3991858959197998
60000 0.44759678840637207
65000 0.48120617866516113
70000 0.5120804309844971
75000 0.5725209712982178
80000 0.5979158878326416
85000 0.6399991512298584
90000 0.7082467079162598
95000 0.7023177146911621
100000 0.7718265056610107
105000 0.8098876476287842
110000 0.8612048625946045
115000 0.873225212097168
120000 0.9306535720825195
5000 0.02817845344543457
10000 0.059883832931518555
15000 0.10891127586364746
20000 0.14899492263793945
25000 0.16507959365844727
30000 0.2134854793548584
35000 0.24051380157470703
40000 0.2989943027496338
45000 0.34014415740966797
50000 0.3563575744628906
55000 0.40761876106262207
60000 0.4364008903503418
65000 0.47400617599487305
70000 0.536726713180542
75000 0.5566294193267822
80000 0.6140284538269043
85000 0.6520607471466064
90000 0.6682155132293701
95000 0.7435891628265381
100000 0.765709400177002
105000 0.7960751056671143
110000 0.8509471416473389
115000 0.8960957527160645
120000 0.9539833068847656
5000 0.028239011764526367
10000 0.06193852424621582
15000 0.09308147430419922
20000 0.14099812507629395
25000 0.1644442081451416
30000 0.22095704078674316
35000 0.2664318084716797
40000 0.28481149673461914
45000 0.32788515090942383
50000 0.3840198516845703
55000 0.39291882514953613
60000 0.4321107864379883
65000 0.5032846927642822
70000 0.5197553634643555
75000 0.6139624118804932
80000 0.5849745273590088
85000 0.6592957973480225
90000 0.6998522281646729
95000 0.7139708995819092
100000 0.767636775970459
105000 0.8110880851745605
110000 0.8414788246154785
115000 0.8743617534637451
120000 0.9288699626922607
5000 0.028322696685791016
10000 0.059442996978759766
15000 0.09245038032531738
20000 0.1617259979248047
25000 0.1662912368774414
30000 0.21309232711791992
35000 0.2371048927307129
40000 0.2939486503601074
45000 0.3460071086883545
50000 0.3613166809082031
55000 0.39478135108947754
60000 0.4562513828277588
65000 0.47800230979919434
70000 0.5352578163146973
75000 0.5524601936340332
80000 0.6184713840484619
85000 0.6310126781463623
90000 0.6916172504425049
95000 0.7400548458099365
100000 0.7482349872589111
105000 0.8173935413360596
110000 0.8428285121917725
115000 0.8963882923126221
120000 0.9299659729003906
5000 0.028056859970092773
10000 0.05972409248352051
15000 0.09302258491516113
20000 0.13809752464294434
25000 0.16463685035705566
30000 0.2197723388671875
35000 0.2788224220275879
40000 0.3488807678222656
45000 0.37453222274780273
50000 0.39102768898010254
55000 0.400623083114624
60000 0.4357008934020996
65000 0.49599719047546387
70000 0.5114109516143799
75000 0.5745530128479004
80000 0.5923101902008057
85000 0.651954174041748
90000 0.7023496627807617
95000 0.7109601497650146
100000 0.7786819934844971
105000 0.8052546977996826
110000 0.8215034008026123
115000 0.88484787940979
120000 0.9437663555145264