5000 0.05984830856323242
10000 0.10665607452392578
15000 0.09925699234008789
20000 0.16527748107910156
25000 0.1903705596923828
30000 0.24713516235351562
35000 0.2839024066925049
40000 0.307589054107666
45000 0.34006714820861816
50000 0.40224480628967285
55000 0.4168109893798828
60000 0.4796750545501709
65000 0.49791884422302246
70000 0.5732133388519287
75000 0.5860273838043213
80000 0.6450746059417725
85000 0.6710629463195801
90000 0.7340619564056396
95000 0.775360107421875
100000 0.8045363426208496
105000 0.8387367725372314
110000 0.9039714336395264
115000 0.9471926689147949
120000 0.9793610572814941
5000 0.03033590316772461
10000 0.06393837928771973
15000 0.1024930477142334
20000 0.14659547805786133
25000 0.1737821102142334
30000 0.24949193000793457
35000 0.2524905204772949
40000 0.3174452781677246
45000 0.33905625343322754
50000 0.4071793556213379
55000 0.4144282341003418
60000 0.4945075511932373
65000 0.5055296421051025
70000 0.5647025108337402
75000 0.5809972286224365
80000 0.6494905948638916
85000 0.667931318283081
90000 0.7325263023376465
95000 0.7808792591094971
100000 0.810849666595459
105000 0.8287863731384277
110000 0.8998544216156006
115000 0.9453222751617432
120000 0.98252272605896
5000 0.030379533767700195
10000 0.06388711929321289
15000 0.09852743148803711
20000 0.14672231674194336
25000 0.1739201545715332
30000 0.24794793128967285
35000 0.2517542839050293
40000 0.3105604648590088
45000 0.33820223808288574
50000 0.4014456272125244
55000 0.4228677749633789
60000 0.48485684394836426
65000 0.4924356937408447
70000 0.568225622177124
75000 0.5784687995910645
80000 0.6497476100921631
85000 0.6700947284698486
90000 0.7409732341766357
95000 0.7753522396087646
100000 0.8213760852813721
105000 0.8334534168243408
110000 0.9103727340698242
115000 0.94449782371521
120000 0.9811074733734131
5000 0.030380964279174805
10000 0.06472635269165039
15000 0.09882950782775879
20000 0.15006732940673828
25000 0.17404675483703613
30000 0.24324560165405273
35000 0.25330567359924316
40000 0.3130156993865967
45000 0.3657536506652832
50000 0.3782196044921875
55000 0.4136505126953125
60000 0.4848511219024658
65000 0.4908919334411621
70000 0.5656557083129883
75000 0.5885717868804932
80000 0.6519415378570557
85000 0.6721627712249756
90000 0.7315127849578857
95000 0.7781808376312256
100000 0.8259379863739014
105000 0.830113410949707
110000 0.9016978740692139
115000 0.9533345699310303
120000 0.9741113185882568
5000 0.03209328651428223
10000 0.06456875801086426
15000 0.09889793395996094
20000 0.15128111839294434
25000 0.17703771591186523
30000 0.24741721153259277
35000 0.26851487159729004
40000 0.3085336685180664
45000 0.3722836971282959
50000 0.3795747756958008
55000 0.44202470779418945
60000 0.48134660720825195
65000 0.4928572177886963
70000 0.5679275989532471
75000 0.5798482894897461
80000 0.6520025730133057
85000 0.6933445930480957
90000 0.8008103370666504
95000 0.7858908176422119
100000 0.8221983909606934
105000 0.9022681713104248
110000 0.8772797584533691
115000 0.9456009864807129
120000 0.985877275466919
5000 0.03028702735900879
10000 0.06398510932922363
15000 0.09904265403747559
20000 0.14905047416687012
25000 0.1987447738647461
30000 0.22598052024841309
35000 0.25061607360839844
40000 0.3169059753417969
45000 0.365985631942749
50000 0.3782939910888672
55000 0.42616701126098633
60000 0.4855797290802002
65000 0.49710631370544434
70000 0.5755646228790283
75000 0.5795478820800781
80000 0.6475942134857178
85000 0.7054250240325928
90000 0.7047443389892578
95000 0.7797231674194336
100000 0.8179714679718018
105000 0.8556101322174072
110000 0.8770127296447754
115000 0.9430432319641113
120000 0.981332540512085
5000 0.030271291732788086
10000 0.06404590606689453
15000 0.0989389419555664
20000 0.17499685287475586
25000 0.17358088493347168
30000 0.2267460823059082
35000 0.25022411346435547
40000 0.30940771102905273
45000 0.36711931228637695
50000 0.38262248039245605
55000 0.4461040496826172
60000 0.4556159973144531
65000 0.49674344062805176
70000 0.5613598823547363
75000 0.6041514873504639
80000 0.6309382915496826
85000 0.6947131156921387
90000 0.7030127048492432
95000 0.8689608573913574
100000 0.8150942325592041
105000 0.8574097156524658
110000 0.9008059501647949
115000 0.9124810695648193
120000 0.9807829856872559
5000 0.03038191795349121
10000 0.06428742408752441
15000 0.10030627250671387
20000 0.1770782470703125
25000 0.17360401153564453
30000 0.22588515281677246
35000 0.25002336502075195
40000 0.3258824348449707
45000 0.3531985282897949
50000 0.3864140510559082
55000 0.44474077224731445
60000 0.4633047580718994
65000 0.5070140361785889
70000 0.5502910614013672
75000 0.6109945774078369
80000 0.6223635673522949
85000 0.7013659477233887
90000 0.7038824558258057
95000 0.7622110843658447
100000 0.8216390609741211
105000 0.8597145080566406
110000 0.9087693691253662
115000 0.9275350570678711
120000 0.9925580024719238
5000 0.030394792556762695
10000 0.06434178352355957
15000 0.12468147277832031
20000 0.1442403793334961
25000 0.18789243698120117
30000 0.2168865203857422
35000 0.2747042179107666
40000 0.33481764793395996
45000 0.33772778511047363
50000 0.38434433937072754
55000 0.44681501388549805
60000 0.4564180374145508
65000 0.5208830833435059
70000 0.5379207134246826
75000 0.6160264015197754
80000 0.6212248802185059
85000 0.6958870887756348
90000 0.7276005744934082
95000 0.7466018199920654
100000 0.8218493461608887
105000 0.8549208641052246
110000 0.9059021472930908
115000 0.9106183052062988
120000 0.9815404415130615
5000 0.030315160751342773
10000 0.06479620933532715
15000 0.1217961311340332
20000 0.1531357765197754
25000 0.1835486888885498
30000 0.21014070510864258
35000 0.2680323123931885
40000 0.3320431709289551
45000 0.3380551338195801
50000 0.37798309326171875
55000 0.4422647953033447
60000 0.4641544818878174
65000 0.5300774574279785
70000 0.5481338500976562
75000 0.6075100898742676
80000 0.6257801055908203
85000 0.6927824020385742
90000 0.739163875579834
95000 0.7556567192077637
100000 0.8173091411590576
105000 0.8660852909088135
110000 0.905665397644043
115000 0.9303979873657227
120000 0.9635035991668701