5000 0.06502270698547363
10000 0.11828231811523438
15000 0.11476659774780273
20000 0.18986248970031738
25000 0.2355480194091797
30000 0.3049204349517822
35000 0.3260619640350342
40000 0.34871768951416016
45000 0.414715051651001
50000 0.43314170837402344
55000 0.508836030960083
60000 0.51847243309021
65000 0.5868637561798096
70000 0.6231505870819092
75000 0.7280809879302979
80000 0.7408831119537354
85000 0.7716598510742188
90000 0.8369247913360596
95000 0.8938987255096436
100000 0.9358260631561279
105000 0.9801681041717529
110000 1.0388975143432617
115000 1.0940618515014648
120000 1.1296520233154297
5000 0.033399343490600586
10000 0.07152938842773438
15000 0.11337780952453613
20000 0.16488051414489746
25000 0.20459604263305664
30000 0.2603306770324707
35000 0.32305407524108887
40000 0.3425791263580322
45000 0.38250303268432617
50000 0.4511582851409912
55000 0.4763789176940918
60000 0.568950891494751
65000 0.5732591152191162
70000 0.6501131057739258
75000 0.7010083198547363
80000 0.7196977138519287
85000 0.7892062664031982
90000 0.8346257209777832
95000 0.8885459899902344
100000 0.9097518920898438
105000 0.9788663387298584
110000 1.0383143424987793
115000 1.0834994316101074
120000 1.1362943649291992
5000 0.03407883644104004
10000 0.07187318801879883
15000 0.13355469703674316
20000 0.16930437088012695
25000 0.20462870597839355
30000 0.2423233985900879
35000 0.3045084476470947
40000 0.3602762222290039
45000 0.38534116744995117
50000 0.44988346099853516
55000 0.4955427646636963
60000 0.5250937938690186
65000 0.6030354499816895
70000 0.646836519241333
75000 0.6772768497467041
80000 0.7391171455383301
85000 0.8043344020843506
90000 0.8233578205108643
95000 0.8989791870117188
100000 0.9446630477905273
105000 0.9946150779724121
110000 1.037621021270752
115000 1.0812911987304688
120000 1.1351583003997803
5000 0.03406548500061035
10000 0.07135510444641113
15000 0.11320805549621582
20000 0.16941285133361816
25000 0.22689008712768555
30000 0.243880033493042
35000 0.304398775100708
40000 0.3535780906677246
45000 0.41947436332702637
50000 0.43593358993530273
55000 0.506152868270874
60000 0.5306189060211182
65000 0.6018269062042236
70000 0.630805492401123
75000 0.6910538673400879
80000 0.7445602416992188
85000 0.7755987644195557
90000 0.8495564460754395
95000 0.8814318180084229
100000 0.9398901462554932
105000 0.9712347984313965
110000 1.0441951751708984
115000 1.109706163406372
120000 1.1443934440612793
5000 0.03375363349914551
10000 0.0720674991607666
15000 0.11184525489807129
20000 0.1628859043121338
25000 0.2052929401397705
30000 0.26201891899108887
35000 0.32089900970458984
40000 0.3425569534301758
45000 0.3858809471130371
50000 0.4568169116973877
55000 0.4969065189361572
60000 0.5534787178039551
65000 0.5787398815155029
70000 0.6476340293884277
75000 0.6952264308929443
80000 0.7126061916351318
85000 0.7942314147949219
90000 0.8453192710876465
95000 0.8936467170715332
100000 0.9125947952270508
105000 0.9877703189849854
110000 1.0391712188720703
115000 1.0890324115753174
120000 1.1444740295410156
5000 0.03375244140625
10000 0.08253693580627441
15000 0.13112139701843262
20000 0.15885210037231445
25000 0.21413969993591309
30000 0.24141335487365723
35000 0.3072199821472168
40000 0.3697059154510498
45000 0.38968849182128906
50000 0.4643423557281494
55000 0.48331642150878906
60000 0.5577397346496582
65000 0.5701887607574463
70000 0.6438255310058594
75000 0.6767003536224365
80000 0.7547783851623535
85000 0.7913665771484375
90000 0.8246288299560547
95000 0.8734681606292725
100000 0.9414300918579102
105000 0.9944708347320557
110000 1.0343503952026367
115000 1.0863091945648193
120000 1.1399924755096436
5000 0.03346061706542969
10000 0.07294273376464844
15000 0.11305928230285645
20000 0.17619562149047852
25000 0.21895170211791992
30000 0.2422938346862793
35000 0.3071150779724121
40000 0.3639965057373047
45000 0.3865644931793213
50000 0.43445253372192383
55000 0.5023915767669678
60000 0.5256860256195068
65000 0.6327025890350342
70000 0.6191873550415039
75000 0.7060651779174805
80000 0.7532272338867188
85000 0.7712838649749756
90000 0.8464498519897461
95000 0.8977510929107666
100000 0.9380748271942139
105000 0.9903109073638916
110000 1.0437493324279785
115000 1.08766770362854
120000 1.144118309020996
5000 0.033115386962890625
10000 0.07100605964660645
15000 0.11331439018249512
20000 0.1754465103149414
25000 0.21183371543884277
30000 0.2866201400756836
35000 0.30006909370422363
40000 0.34725475311279297
45000 0.45850205421447754
50000 0.436234712600708
55000 0.5085737705230713
60000 0.5286550521850586
65000 0.6086134910583496
70000 0.6267693042755127
75000 0.6900193691253662
80000 0.7489595413208008
85000 0.7771918773651123
90000 0.8592491149902344
95000 0.916539192199707
100000 1.0483863353729248
105000 0.9943363666534424
110000 1.0674796104431152
115000 1.1935310363769531
120000 1.1380712985992432
5000 0.035974979400634766
10000 0.07374429702758789
15000 0.1126251220703125
20000 0.16472887992858887
25000 0.2077629566192627
30000 0.2651500701904297
35000 0.3156561851501465
40000 0.3357071876525879
45000 0.4558720588684082
50000 0.43328213691711426
55000 0.5066516399383545
60000 0.5421810150146484
65000 0.6644349098205566
70000 0.6238315105438232
75000 0.6979637145996094
80000 0.7432107925415039
85000 0.7744865417480469
90000 0.8605959415435791
95000 0.8834476470947266
100000 0.9528152942657471
105000 0.9997494220733643
110000 1.045128583908081
115000 1.1017746925354004
120000 1.14190673828125
5000 0.033592939376831055
10000 0.07224535942077637
15000 0.11344385147094727
20000 0.2440507411956787
25000 0.25200724601745605
30000 0.27925872802734375
35000 0.2940056324005127
40000 0.3388636112213135
45000 0.41271519660949707
50000 0.42899227142333984
55000 0.4758293628692627
60000 0.5580523014068604
65000 0.5993285179138184
70000 0.6247897148132324
75000 0.6944396495819092
80000 0.724419355392456
85000 0.8023831844329834
90000 0.8342609405517578
95000 0.8830358982086182
100000 0.9335730075836182
105000 0.9808609485626221
110000 1.020059585571289
115000 1.122776985168457
120000 1.1535427570343018