5000 0.1452012062072754
10000 0.19254422187805176
15000 0.36931586265563965
20000 0.6315128803253174
25000 0.8918106555938721
30000 1.2333803176879883
35000 1.663187026977539
40000 2.114459276199341
45000 2.412120819091797
50000 2.9641032218933105
55000 3.4475903511047363
60000 4.584925889968872
65000 4.770923852920532
70000 5.05858039855957
5000 0.08002495765686035
10000 0.2252664566040039
15000 0.40044450759887695
20000 0.6629917621612549
25000 0.8492946624755859
30000 1.2277939319610596
35000 1.656139850616455
40000 2.0374038219451904
45000 2.5172839164733887
50000 3.0586750507354736
55000 3.5113728046417236
60000 3.7412891387939453
65000 5.121832847595215
70000 5.338136196136475
5000 0.07860231399536133
10000 0.18088150024414062
15000 0.3819127082824707
20000 0.6572093963623047
25000 0.9572529792785645
30000 1.2185888290405273
35000 1.827989101409912
40000 1.887481927871704
45000 2.6212852001190186
50000 2.814288854598999
55000 3.7914822101593018
60000 4.548767805099487
65000 4.949749946594238
70000 5.761798143386841
5000 0.08982324600219727
10000 0.2107696533203125
15000 0.4120502471923828
20000 0.6754443645477295
25000 0.9278688430786133
30000 1.4188215732574463
35000 1.5440795421600342
40000 2.065105676651001
45000 2.346062183380127
50000 3.162161350250244
55000 3.494384288787842
60000 4.6150312423706055
65000 4.976905822753906
70000 5.948161840438843
5000 0.07953047752380371
10000 0.22657227516174316
15000 0.4235222339630127
20000 0.6527228355407715
25000 1.0085015296936035
30000 1.29579496383667
35000 1.4779696464538574
40000 2.028946876525879
45000 2.6547341346740723
50000 2.801205635070801
55000 3.6148908138275146
60000 4.559359550476074
65000 5.3930487632751465
70000 6.128972768783569
5000 0.07687759399414062
10000 0.2549169063568115
15000 0.3663628101348877
20000 0.6860380172729492
25000 0.8927173614501953
30000 1.375267744064331
35000 1.546978235244751
40000 2.2122981548309326
45000 2.639381170272827
50000 2.9101600646972656
55000 4.289670467376709
60000 4.705093860626221
65000 5.521567106246948
70000 5.421324729919434
5000 0.09198951721191406
10000 0.24467086791992188
15000 0.41103172302246094
20000 0.6509535312652588
25000 0.9705810546875
30000 1.3867084980010986
35000 1.73630690574646
40000 2.233734607696533
45000 2.527517318725586
50000 3.0069267749786377
55000 3.5213747024536133
60000 4.434237241744995
65000 5.470475196838379
70000 6.365765571594238
5000 0.0751180648803711
10000 0.23385286331176758
15000 0.40153980255126953
20000 0.654271125793457
25000 0.8244912624359131
30000 1.1692891120910645
35000 1.5368998050689697
40000 2.171428918838501
45000 2.615997552871704
50000 2.829646587371826
55000 3.5818605422973633
60000 4.314669847488403
65000 5.042291641235352
70000 5.783719062805176
5000 0.0814669132232666
10000 0.2406923770904541
15000 0.44638991355895996
20000 0.6597082614898682
25000 1.1172358989715576
30000 1.2333204746246338
35000 1.6019659042358398
40000 2.416912794113159
45000 2.4447741508483887
50000 3.270212173461914
55000 3.7435243129730225
60000 4.295604705810547
65000 4.862836599349976
70000 5.794597864151001
5000 0.09373974800109863
10000 0.203765869140625
15000 0.4504551887512207
20000 0.5711960792541504
25000 0.8745179176330566
30000 1.304372787475586
35000 1.6048593521118164
40000 2.0544323921203613
45000 2.217719316482544
50000 3.0368294715881348
55000 3.520782709121704
60000 3.977450370788574
65000 5.140824317932129
70000 6.0842578411102295