5000 0.0874946117401123
10000 0.1310107707977295
15000 0.26842451095581055
20000 0.31331396102905273
25000 0.3538196086883545
30000 0.48067712783813477
35000 0.6218900680541992
40000 0.6560814380645752
45000 0.6346602439880371
50000 0.8249504566192627
55000 0.8622632026672363
60000 1.0320277214050293
65000 1.0570127964019775
70000 1.1004114151000977
75000 1.2014610767364502
80000 1.3658158779144287
85000 1.3758180141448975
90000 1.5130631923675537
95000 1.5443108081817627
100000 1.7000787258148193
105000 1.7887389659881592
110000 1.8812110424041748
115000 1.9102709293365479
120000 2.1328277587890625
5000 0.05908346176147461
10000 0.12551140785217285
15000 0.19783830642700195
20000 0.2861177921295166
25000 0.41147351264953613
30000 0.4388899803161621
35000 0.6109554767608643
40000 0.653494119644165
45000 0.7195920944213867
50000 0.8553774356842041
55000 0.8928227424621582
60000 1.0085539817810059
65000 1.0231947898864746
70000 1.25787353515625
75000 1.2061073780059814
80000 1.3216147422790527
85000 1.4493129253387451
90000 1.3977446556091309
95000 1.6658151149749756
100000 1.5977914333343506
105000 1.7567658424377441
110000 1.9127440452575684
115000 2.005446195602417
120000 1.969214677810669
5000 0.061925649642944336
10000 0.1825706958770752
15000 0.20348811149597168
20000 0.2855207920074463
25000 0.400745153427124
30000 0.4592256546020508
35000 0.5531375408172607
40000 0.6730036735534668
45000 0.7172467708587646
50000 0.7902383804321289
55000 0.9067230224609375
60000 0.9689376354217529
65000 1.03975510597229
70000 1.1188666820526123
75000 1.1873464584350586
80000 1.3725643157958984
85000 1.3460297584533691
90000 1.5336799621582031
95000 1.5236520767211914
100000 1.6795003414154053
105000 1.7633006572723389
110000 1.8589859008789062
115000 1.9376235008239746
120000 2.0057835578918457
5000 0.11248230934143066
10000 0.1251218318939209
15000 0.20509123802185059
20000 0.28976964950561523
25000 0.40048837661743164
30000 0.502549409866333
35000 0.492034912109375
40000 0.6642694473266602
45000 0.713782787322998
50000 0.7927114963531494
55000 0.8997843265533447
60000 0.9681096076965332
65000 1.0544309616088867
70000 1.1376090049743652
75000 1.2934174537658691
80000 1.2843031883239746
85000 1.4261517524719238
90000 1.4572372436523438
95000 1.60048508644104
100000 1.686340570449829
105000 1.7558162212371826
110000 1.772350788116455
115000 1.99527907371521
120000 1.9623968601226807
5000 0.05855846405029297
10000 0.1881239414215088
15000 0.19540715217590332
20000 0.2754983901977539
25000 0.4007835388183594
30000 0.4063737392425537
35000 0.5566365718841553
40000 0.631110429763794
45000 0.741323709487915
50000 0.7938377857208252
55000 0.8888187408447266
60000 0.9462406635284424
65000 1.0522477626800537
70000 1.1087040901184082
75000 1.2582108974456787
80000 1.2798163890838623
85000 1.3938713073730469
90000 1.5118122100830078
95000 1.597677230834961
100000 1.5842373371124268
105000 1.803565263748169
110000 1.8488891124725342
115000 1.9264137744903564
120000 2.015148639678955
5000 0.060317039489746094
10000 0.1262674331665039
15000 0.25258660316467285
20000 0.2772853374481201
25000 0.36341381072998047
30000 0.4814739227294922
35000 0.5683877468109131
40000 0.6430745124816895
45000 0.6549642086029053
50000 0.8064064979553223
55000 0.95845627784729
60000 0.9632515907287598
65000 1.0565509796142578
70000 1.122697353363037
75000 1.183265209197998
80000 1.2686891555786133
85000 1.3963778018951416
90000 1.5352909564971924
95000 1.5888426303863525
100000 1.7050881385803223
105000 1.644033432006836
110000 1.8123950958251953
115000 2.046480894088745
120000 1.9376087188720703
5000 0.11986303329467773
10000 0.1434793472290039
15000 0.19463729858398438
20000 0.27036023139953613
25000 0.41994619369506836
30000 0.480562686920166
35000 0.5236930847167969
40000 0.6385009288787842
45000 0.7286899089813232
50000 0.8143775463104248
55000 0.865443229675293
60000 0.9571077823638916
65000 1.046675443649292
70000 1.1451380252838135
75000 1.1760995388031006
80000 1.3424253463745117
85000 1.346290111541748
90000 1.5154192447662354
95000 1.604809284210205
100000 1.628305196762085
105000 1.7223057746887207
110000 1.8631110191345215
115000 1.981351375579834
120000 1.980283260345459
5000 0.06193685531616211
10000 0.14793157577514648
15000 0.29552674293518066
20000 0.4386460781097412
25000 0.5049479007720947
30000 0.6395492553710938
35000 0.6149406433105469
40000 0.7374415397644043
45000 0.6892831325531006
50000 0.9009113311767578
55000 0.8966519832611084
60000 1.0138418674468994
65000 1.0547244548797607
70000 1.114475965499878
75000 1.2530972957611084
80000 1.3484244346618652
85000 1.3412604331970215
90000 1.5236642360687256
95000 1.66054105758667
100000 1.5850229263305664
105000 1.7471630573272705
110000 1.8134784698486328
115000 1.9417715072631836
120000 2.1084296703338623
5000 0.05959367752075195
10000 0.12437677383422852
15000 0.19429707527160645
20000 0.2901942729949951
25000 0.41234374046325684
30000 0.42092108726501465
35000 0.5703625679016113
40000 0.6466407775878906
45000 0.7150974273681641
50000 0.8114233016967773
55000 0.9097244739532471
60000 0.9488356113433838
65000 1.068164348602295
70000 1.1576669216156006
75000 1.1994781494140625
80000 1.349731683731079
85000 1.3683671951293945
90000 1.6078109741210938
95000 1.5357310771942139
100000 1.691119909286499
105000 1.6847431659698486
110000 1.789607286453247
115000 2.001404285430908
120000 1.9636714458465576
5000 0.06117582321166992
10000 0.1814250946044922
15000 0.19539117813110352
20000 0.2771134376525879
25000 0.40927600860595703
30000 0.4853084087371826
35000 0.51774001121521
40000 0.6504192352294922
45000 0.7271420955657959
50000 0.8085663318634033
55000 0.9025728702545166
60000 0.9596049785614014
65000 1.0321855545043945
70000 1.1170446872711182
75000 1.1818428039550781
80000 1.3998243808746338
85000 1.3522071838378906
90000 1.4250280857086182
95000 1.5688388347625732
100000 1.67952299118042
105000 1.7440223693847656
110000 1.898155689239502
115000 1.9791457653045654
120000 1.9158599376678467