5000 5.3896589279174805
10000 20.55514430999756
15000 47.548168659210205
20000 96.6552484035492
25000 136.22349882125854
30000 183.65259218215942
35000 268.86262607574463
40000 343.5390648841858
45000 410.13138008117676
50000 518.6031947135925
55000 609.6524817943573
60000 737.0215001106262
65000 880.5328848361969
70000 1064.529981136322
5000 5.024612665176392
10000 20.92160677909851
15000 47.95898127555847
20000 92.79441118240356
25000 138.1027181148529
30000 195.21953797340393
35000 250.29014253616333
40000 320.12145829200745
45000 402.67540669441223
50000 485.8153750896454
55000 595.2248499393463
60000 751.2461221218109
65000 853.303061246872
70000 983.5754067897797
5000 4.962793588638306
10000 20.00300931930542
15000 44.355928897857666
20000 79.39698004722595