5000 0.07974886894226074
10000 0.18772506713867188
15000 0.21071267127990723
20000 0.29020047187805176
25000 0.45433521270751953
30000 0.45276832580566406
35000 0.5934240818023682
40000 0.6755280494689941
45000 0.6772468090057373
50000 0.8157923221588135
55000 0.887322187423706
60000 0.9526183605194092
65000 1.1353731155395508
70000 1.1353139877319336
75000 1.2652311325073242
80000 1.322380781173706
85000 1.4701290130615234
90000 1.5169925689697266
95000 1.6634185314178467
100000 1.6305131912231445
105000 1.8068640232086182
110000 1.8832032680511475
115000 1.9548542499542236
120000 2.1346535682678223
5000 0.06246328353881836
10000 0.13313984870910645
15000 0.20230555534362793
20000 0.31816530227661133
25000 0.44432830810546875
30000 0.44994354248046875
35000 0.5725409984588623
40000 0.6522188186645508
45000 0.6902992725372314
50000 0.8123986721038818
55000 0.8695981502532959
60000 1.0640182495117188
65000 1.0803015232086182
70000 1.1873867511749268
75000 1.2221183776855469
80000 1.3243861198425293
85000 1.5132083892822266
90000 1.5169119834899902
95000 1.5635850429534912
100000 1.7583906650543213
105000 1.7934653759002686
110000 1.8600335121154785
115000 1.9258501529693604
120000 2.199946165084839
5000 0.06133913993835449
10000 0.1298384666442871
15000 0.20716643333435059
20000 0.3210773468017578
25000 0.3697946071624756
30000 0.505408763885498
35000 0.6086156368255615
40000 0.5939476490020752
45000 0.7420127391815186
50000 0.8542001247406006
55000 0.9380481243133545
60000 1.011382818222046
65000 1.0531702041625977
70000 1.153364658355713
75000 1.204350471496582
80000 1.371856451034546
85000 1.391303539276123
90000 1.6544313430786133
95000 1.5397837162017822
100000 1.7389914989471436
105000 1.807121992111206
110000 1.9347033500671387
115000 2.02874755859375
120000 2.0617153644561768
5000 0.06329512596130371
10000 0.1296370029449463
15000 0.22449731826782227
20000 0.30198121070861816
25000 0.41992831230163574
30000 0.43253111839294434
35000 0.5611579418182373
40000 0.673414945602417
45000 0.7443158626556396
50000 0.7597932815551758
55000 0.848517894744873
60000 1.0554893016815186
65000 1.0652811527252197
70000 1.14961838722229
75000 1.2570304870605469
80000 1.3125991821289062
85000 1.4979469776153564
90000 1.4966812133789062
95000 1.5825915336608887
100000 1.7740507125854492
105000 1.8271334171295166
110000 1.8106498718261719
115000 1.905773401260376
120000 2.1633145809173584
5000 0.06037497520446777
10000 0.12864995002746582
15000 0.2026674747467041
20000 0.29174232482910156
25000 0.3881406784057617
30000 0.50081467628479
35000 0.5839495658874512
40000 0.6126327514648438
45000 0.7558426856994629
50000 0.7965281009674072
55000 0.9033491611480713
60000 1.044071912765503
65000 1.0414721965789795
70000 1.1514770984649658
75000 1.320770025253296
80000 1.3139469623565674
85000 1.3790256977081299
90000 1.588390827178955
95000 1.5745835304260254
100000 1.7490286827087402
105000 1.8609671592712402
110000 1.8562469482421875
115000 1.9923429489135742
120000 2.100555419921875
5000 0.06130647659301758
10000 0.14163756370544434
15000 0.2020125389099121
20000 0.30218505859375
25000 0.4134807586669922
30000 0.4497060775756836
35000 0.5765504837036133
40000 0.6747398376464844
45000 0.6767706871032715
50000 0.7771782875061035
55000 0.8886966705322266
60000 0.9600763320922852
65000 1.193481683731079
70000 1.1664321422576904
75000 1.212653636932373
80000 1.302837610244751
85000 1.558513879776001
90000 1.4843127727508545
95000 1.6943154335021973
100000 1.6588125228881836
105000 1.8645341396331787
110000 1.8787386417388916
115000 1.9831907749176025
120000 2.176478862762451
5000 0.06013345718383789
10000 0.13038158416748047
15000 0.20602178573608398
20000 0.2746620178222656
25000 0.4212069511413574
30000 0.42965221405029297
35000 0.5742008686065674
40000 0.641869306564331
45000 0.7591829299926758
50000 0.7669942378997803
55000 0.9047207832336426
60000 1.0497944355010986
65000 1.0669407844543457
70000 1.192751407623291
75000 1.257671594619751
80000 1.3083868026733398
85000 1.521378517150879
90000 1.5299270153045654
95000 1.5914618968963623
100000 1.6888902187347412
105000 1.8158938884735107
110000 1.934385061264038
115000 1.9119956493377686
120000 2.054696798324585
5000 0.061283111572265625
10000 0.1852109432220459
15000 0.21755361557006836
20000 0.2890000343322754
25000 0.417647123336792
30000 0.44710755348205566
35000 0.5595622062683105
40000 0.6653783321380615
45000 0.7431228160858154
50000 0.745703935623169
55000 0.8784112930297852
60000 0.9684402942657471
65000 1.121382713317871
70000 1.1595818996429443
75000 1.2566921710968018
80000 1.2964823246002197
85000 1.5213701725006104
90000 1.4737346172332764
95000 1.5575788021087646
100000 1.6905505657196045
105000 1.7637407779693604
110000 1.901160478591919
115000 1.9356811046600342
120000 2.004315137863159
5000 0.060076236724853516
10000 0.18335199356079102
15000 0.21674513816833496
20000 0.29718661308288574
25000 0.42134976387023926
30000 0.4368705749511719
35000 0.5823359489440918
40000 0.662419319152832
45000 0.684971809387207
50000 0.8103187084197998
55000 0.8781747817993164
60000 0.9422774314880371
65000 1.1144053936004639
70000 1.224867582321167
75000 1.2163500785827637
80000 1.358140230178833
85000 1.3784751892089844
90000 1.559635877609253
95000 1.5571560859680176
100000 1.8060522079467773
105000 1.8692054748535156
110000 1.8196046352386475
115000 1.9389114379882812
120000 2.074615001678467
5000 0.061380624771118164
10000 0.13673186302185059
15000 0.2581603527069092
20000 0.2887105941772461
25000 0.4434521198272705
30000 0.43854594230651855
35000 0.5766072273254395
40000 0.5970654487609863
45000 0.7230064868927002
50000 0.815300703048706
55000 0.882274866104126
60000 0.9564287662506104
65000 1.121333122253418
70000 1.1506426334381104
75000 1.234187126159668
80000 1.285336971282959
85000 1.477510690689087
90000 1.5039756298065186
95000 1.6803555488586426
100000 1.6435730457305908
105000 1.8363876342773438
110000 2.219294786453247
115000 1.9096453189849854
120000 2.0373518466949463