5000 4.968454599380493
10000 19.727842569351196
15000 44.46609115600586
20000 79.53372597694397
25000 124.37364292144775
30000 181.83410596847534
35000 244.10365414619446
40000 319.0106852054596
45000 404.5309724807739
50000 506.91516733169556
55000 613.8099949359894
60000 737.796501159668
65000 876.0086600780487
70000 990.9679236412048
5000 4.920649528503418
10000 19.507964372634888
15000 43.95116591453552
20000 78.8812050819397
25000 123.16600465774536
30000 176.32228255271912
35000 239.39059495925903
40000 315.00147914886475
45000 405.21037340164185
50000 495.396137714386
55000 620.1767928600311
60000 743.6787855625153
65000 883.2177710533142
70000 993.2085933685303
5000 4.840609788894653
10000 19.20379900932312
15000 43.5627658367157
20000 77.41405463218689
25000 121.35918426513672
30000 175.71807217597961
35000 239.6073694229126
40000 313.8857915401459
45000 398.95557022094727
50000 495.50039410591125
55000 598.4952375888824
60000 714.1000623703003
65000 842.2307214736938
70000 976.2473213672638
5000 4.841235876083374
10000 19.40252184867859
15000 43.375611543655396
20000 77.68288230895996
25000 122.49888229370117
30000 175.57569289207458
35000 239.5896122455597
40000 316.7549264431
45000 410.65038084983826
50000 507.63093543052673
55000 647.1178464889526
60000 758.2861702442169
65000 887.5016431808472
70000 1068.034986257553
5000 5.346002578735352
10000 21.619213581085205
15000 48.55846929550171
20000 87.21730780601501
25000 135.93035006523132
30000 195.91421842575073
35000 266.76278805732727
40000 351.9009966850281
45000 446.5620858669281
50000 545.9699292182922
55000 660.3342704772949
60000 754.3642535209656
65000 888.1499767303467
70000 1066.5686254501343
5000 5.414745807647705
10000 21.68481469154358
15000 49.09552597999573
20000 86.9421775341034
25000 136.24814915657043
30000 196.407231092453
35000 267.75886392593384
40000 354.9247884750366
45000 446.8119523525238
50000 547.8808443546295
55000 657.1071991920471
60000 756.2513267993927
65000 887.0404515266418
70000 1068.3016579151154
5000 5.386131048202515
10000 21.697127103805542
15000 49.11774754524231
20000 88.08816719055176
25000 136.60445070266724
30000 197.44304537773132
35000 268.2972605228424
40000 357.0445420742035
45000 446.9529695510864
50000 551.5256240367889
55000 658.148508310318
60000 757.695643901825
65000 890.4631495475769
70000 1073.3451011180878
5000 5.389281272888184
10000 21.957876920700073
15000 49.28653955459595
20000 87.4149558544159
25000 136.54389882087708
30000 196.86141705513
35000 272.3730947971344
40000 357.42316818237305
45000 449.0921468734741
50000 549.0438210964203
55000 637.1245169639587
60000 760.4119920730591
65000 904.1158812046051
70000 1092.5579669475555
5000 5.3134777545928955
10000 21.780126333236694
15000 49.48315763473511
20000 87.33843398094177
25000 138.122145652771
30000 201.4126205444336
35000 275.3240089416504
40000 351.90475606918335
45000 446.21680903434753
50000 548.0085713863373
55000 634.8404700756073
60000 760.0938234329224
65000 914.1620514392853
70000 1084.7608606815338
5000 5.3163487911224365
10000 21.732895135879517
15000 49.33740019798279
20000 87.32656478881836
25000 137.4376220703125
30000 198.21655106544495
35000 276.16959023475647
40000 351.97455525398254
45000 444.58163499832153
50000 550.2117168903351
55000 650.6581954956055
60000 755.2523605823517
65000 885.9957993030548
70000 1084.385169506073