5000 0.1129603385925293
10000 0.1851940155029297
15000 0.3563854694366455
20000 0.5284898281097412
25000 0.9186267852783203
30000 1.1714363098144531
35000 1.5958576202392578
40000 1.9865827560424805
45000 2.3273606300354004
50000 2.8917202949523926
55000 3.301328420639038
60000 3.585456609725952
65000 5.041133403778076
70000 5.461615800857544
75000 5.7846150398254395
80000 6.428343057632446
85000 7.6457037925720215
90000 9.056568622589111
95000 10.149494886398315
100000 9.333343029022217
105000 11.836150169372559
110000 11.541187286376953
115000 15.395354747772217
120000 12.882612705230713
5000 0.07291483879089355
10000 0.17644667625427246
15000 0.367234468460083
20000 0.6416835784912109
25000 0.8970568180084229
30000 1.1388626098632812
35000 1.4278643131256104
40000 1.871476173400879
45000 2.306699752807617
50000 2.8805429935455322
55000 3.4701271057128906
60000 3.66573166847229
65000 4.336482524871826
70000 5.104982376098633
75000 5.858560562133789
80000 7.391333103179932
85000 7.5992043018341064
90000 8.145243406295776
95000 8.846427202224731
100000 9.965211629867554
105000 10.612431526184082
110000 12.232236385345459
115000 13.446512937545776
120000 14.01901912689209
5000 0.06982970237731934
10000 0.22186017036437988
15000 0.35210275650024414
20000 0.6253814697265625
25000 0.9183511734008789
30000 1.1189789772033691
35000 1.6587047576904297
40000 1.7889373302459717
45000 2.3361618518829346
50000 2.7295830249786377
55000 3.3871946334838867
60000 4.006357192993164
65000 4.50104832649231
70000 5.281617879867554
75000 6.463206768035889
80000 7.249433517456055
85000 6.952163934707642
90000 8.367793560028076
95000 9.635235071182251
100000 11.25053334236145
105000 10.394380569458008
110000 12.33274245262146
115000 12.863773584365845
120000 13.670614957809448
5000 0.07751321792602539
10000 0.16561245918273926
15000 0.36751651763916016
20000 0.6334576606750488
25000 0.8220889568328857
30000 1.1470177173614502
35000 1.5129311084747314
40000 1.9356987476348877
45000 2.458129644393921
50000 2.4741263389587402
55000 3.240449905395508
60000 4.0973429679870605
65000 4.801050186157227
70000 4.739033222198486
75000 6.03481650352478
80000 6.623834133148193
85000 7.977349281311035
90000 8.172937393188477
95000 9.354190111160278
100000 9.322389602661133
105000 11.226772546768188
110000 12.191279649734497
115000 14.336440086364746
120000 13.794321537017822
5000 0.0689239501953125
10000 0.21845102310180664
15000 0.3806581497192383
20000 0.5272691249847412
25000 0.8719863891601562
30000 1.135071039199829
35000 1.6264054775238037
40000 1.8155438899993896
45000 2.7279245853424072
50000 3.076683282852173
55000 3.5580337047576904
60000 4.087556600570679
65000 4.720979452133179
70000 5.098027944564819
75000 6.578124761581421
80000 7.063656568527222
85000 7.431084394454956
90000 9.024190902709961
95000 9.306724786758423
100000 10.786575078964233
105000 11.489031791687012
110000 12.768906593322754
115000 13.668346405029297
120000 14.703852415084839
5000 0.06795907020568848
10000 0.2546365261077881
15000 0.3373227119445801
20000 0.5751080513000488
25000 0.8612327575683594
30000 1.1610310077667236
35000 1.5736827850341797
40000 1.8817172050476074
45000 2.4204611778259277
50000 2.631845235824585
55000 3.8493404388427734
60000 4.110433340072632
65000 4.3598952293396
70000 4.835118532180786
75000 6.340322732925415
80000 7.372172594070435
85000 7.934942245483398
90000 8.48899245262146
95000 9.428121566772461
100000 10.306857347488403
105000 11.060585498809814
110000 12.197107076644897
115000 15.17236042022705
120000 15.616360902786255
5000 0.11108756065368652
10000 0.1987285614013672
15000 0.5812032222747803
20000 0.728722333908081
25000 0.858889102935791
30000 1.4008679389953613
35000 1.4820513725280762
40000 1.887831687927246
45000 2.504693031311035
50000 2.8791770935058594
55000 3.7725863456726074
60000 3.9149534702301025
65000 4.354167461395264
70000 5.448415040969849
75000 6.0904645919799805
80000 7.192176103591919
85000 7.645107746124268
90000 8.33156967163086
95000 9.127322435379028
100000 10.21426510810852
105000 11.121359586715698
110000 12.270967483520508
115000 13.213582038879395
120000 14.669876337051392
5000 0.0715336799621582
10000 0.22555041313171387
15000 0.36991000175476074
20000 0.6272532939910889
25000 0.8757181167602539
30000 1.0647459030151367
35000 1.4343526363372803
40000 1.7185916900634766
45000 2.50715708732605
50000 2.855323076248169
55000 3.336988687515259
60000 3.832148551940918
65000 4.695653200149536
70000 5.21936297416687
75000 5.7875285148620605
80000 6.41512656211853
85000 7.352783203125
90000 8.093981981277466
95000 9.920014381408691
100000 10.044763803482056
105000 10.555296182632446
110000 12.57246994972229
115000 13.344731330871582
120000 14.259328126907349
5000 0.06835246086120605
10000 0.21605134010314941
15000 0.39882755279541016
20000 0.48797154426574707
25000 0.9239470958709717
30000 1.155808925628662
35000 1.7640619277954102
40000 1.900989294052124
45000 2.4126434326171875
50000 3.021423816680908
55000 3.6310017108917236
60000 3.8156726360321045
65000 4.679746866226196
70000 4.803709983825684
75000 5.971715927124023
80000 6.835737943649292
85000 6.497754335403442
90000 9.268412828445435
95000 9.199184656143188
100000 10.54628849029541
105000 11.532970905303955
110000 12.250025510787964
115000 13.086074352264404
120000 13.975454807281494
5000 0.06471610069274902
10000 0.21846747398376465
15000 0.43575525283813477
20000 0.6064109802246094
25000 0.9615752696990967
30000 1.2697536945343018
35000 1.5472264289855957
40000 1.876988410949707
45000 2.7076704502105713
50000 3.007242202758789
55000 3.2469170093536377
60000 3.9321513175964355
65000 4.632122755050659
70000 5.425529956817627
75000 5.877253293991089
80000 6.620967388153076
85000 6.455727577209473
90000 8.01697063446045
95000 9.599326610565186
100000 9.947003364562988
105000 11.591869592666626
110000 12.079402685165405
115000 13.607192516326904
120000 15.106919288635254