5000 52.082743883132935
10000 117.0788345336914
15000 181.85765624046326
20000 244.15049600601196
25000 308.19866466522217
30000 375.645001411438
35000 440.76030445098877
40000 502.2816231250763
45000 565.4330670833588
50000 629.1193792819977
55000 697.5760846138
60000 763.834089756012
65000 823.0697753429413
70000 888.6589939594269
5000 51.53918123245239
10000 115.61653852462769
15000 180.22562313079834
20000 244.45496153831482
25000 308.2092590332031
30000 372.3061399459839
35000 439.3055624961853
40000 502.02685356140137
45000 566.8954703807831
50000 630.4325125217438
55000 694.8305859565735
60000 758.9547638893127
65000 825.9657452106476
70000 887.4877598285675
5000 51.302584648132324
10000 115.79519271850586
15000 179.93739080429077
20000 244.66829872131348
25000 308.54396080970764
30000 372.89605951309204
35000 437.66554069519043
40000 501.992906332016
45000 568.7190501689911
50000 629.8394248485565
55000 694.3827860355377
60000 759.2635180950165
65000 823.2871706485748
70000 890.1394543647766
5000 51.418529987335205
10000 115.87198853492737
15000 179.881694316864
20000 244.34739756584167
25000 308.84090638160706
30000 373.5013837814331
35000 440.54666233062744
40000 503.4060754776001
45000 566.1492450237274
50000 633.7359428405762
55000 695.4964845180511
60000 759.8916504383087
65000 823.5578870773315
70000 890.8776655197144
5000 51.523682594299316
10000 115.89935517311096
15000 180.11211919784546
20000 244.69366192817688