5000 0.4562497138977051
10000 0.9113342761993408
15000 1.3980293273925781
20000 1.8891880512237549
25000 2.25024676322937
30000 2.6530768871307373
35000 3.1458120346069336
40000 3.643822193145752
45000 4.011645078659058
50000 4.5274858474731445
55000 4.832279443740845
60000 5.144854784011841
65000 5.55780029296875
70000 5.987481594085693
5000 0.4347677230834961
10000 0.8655149936676025
15000 1.387726068496704
20000 1.8874387741088867
25000 2.276132106781006
30000 2.6800875663757324
35000 2.9885506629943848
40000 3.432980537414551
45000 3.855017900466919
50000 4.245004415512085
55000 4.67779278755188
60000 5.10814905166626
65000 5.554181814193726
70000 5.954529523849487
5000 0.4472463130950928
10000 0.84279465675354
15000 1.2948405742645264
20000 1.6851351261138916
25000 2.1234312057495117
30000 2.5512993335723877
35000 2.9792118072509766
40000 3.385817050933838
45000 3.8159995079040527
50000 4.241743326187134
55000 4.669755697250366
60000 5.19710636138916
65000 5.512657642364502
70000 6.044625282287598
5000 0.43375730514526367
10000 0.8597817420959473
15000 1.2877991199493408
20000 1.7247347831726074
25000 2.1508986949920654
30000 2.556161403656006
35000 3.0739312171936035
40000 3.632477045059204
45000 4.200560569763184
50000 4.268588542938232
55000 4.6990954875946045
60000 5.064948797225952
65000 5.547701835632324
70000 5.957943916320801
5000 0.4488799571990967
10000 0.841407299041748
15000 1.2934744358062744
20000 1.7827467918395996
25000 2.133739471435547
30000 2.560697078704834
35000 2.9830496311187744
40000 3.4052486419677734
45000 3.8188743591308594
50000 4.354324579238892
55000 4.902348518371582
60000 5.364699840545654
65000 5.858177185058594
70000 5.969526052474976
5000 0.44350600242614746
10000 0.8630504608154297
15000 1.2879772186279297
20000 1.7162601947784424
25000 2.142671823501587
30000 2.5825107097625732
35000 2.992974281311035
40000 3.4368033409118652
45000 3.8387451171875
50000 4.246455192565918
55000 4.801754713058472
60000 5.116629362106323
65000 5.574264049530029
70000 5.9726903438568115
5000 0.4424312114715576
10000 0.8662147521972656
15000 1.2869296073913574
20000 1.7109520435333252
25000 2.1485021114349365
30000 2.5353429317474365
35000 2.9887237548828125
40000 3.4254143238067627
45000 3.832803964614868
50000 4.275815486907959
55000 4.685429096221924
60000 5.112133026123047
65000 5.536323308944702
70000 5.956542253494263
5000 0.43723607063293457
10000 0.8583076000213623
15000 1.2767231464385986
20000 1.7129151821136475
25000 2.129824638366699
30000 2.531468391418457
35000 2.983516216278076
40000 3.3990204334259033
45000 3.848644733428955
50000 4.234934568405151
55000 4.654886245727539
60000 5.091556072235107
65000 5.51630425453186
70000 5.940049409866333
5000 0.42630791664123535
10000 0.8529872894287109
15000 1.283719778060913
20000 1.7062492370605469
25000 2.1153223514556885
30000 2.5425188541412354
35000 3.0382187366485596
40000 3.3859429359436035
45000 3.838413953781128
50000 4.248642921447754
55000 4.653379678726196
60000 5.154972076416016
65000 5.559017896652222
70000 5.949248790740967
5000 0.42575526237487793
10000 0.8579246997833252
15000 1.2724270820617676
20000 1.7167341709136963
25000 2.1203386783599854
30000 2.5579376220703125
35000 2.985745429992676
40000 3.621087074279785
45000 3.993379831314087
50000 4.546185493469238
55000 4.684223651885986
60000 5.096576929092407
65000 5.5249183177948
70000 5.9399659633636475