5000 27.7518892288208
10000 63.2671902179718
15000 100.80798602104187
20000 131.79708433151245
25000 151.63169312477112
30000 186.78708338737488
35000 229.25372672080994
40000 267.9071002006531
45000 304.06046438217163
50000 329.75219345092773
55000 353.0956516265869
60000 375.3650851249695
65000 399.6366991996765
70000 432.42795491218567
5000 28.049713611602783
10000 59.47199106216431
15000 94.55257368087769
20000 124.15315914154053
25000 157.26445841789246
30000 190.20472526550293
35000 228.0947186946869
40000 260.5753481388092
5000 27.6125750541687
10000 58.8406081199646
15000 90.23417139053345
20000 122.6467559337616
25000 153.0879669189453
30000 184.73706126213074
35000 214.51857328414917
40000 245.8933882713318
45000 275.23690390586853
50000 304.85441875457764
55000 335.54738879203796
60000 366.1666507720947
65000 397.8146011829376
70000 428.2227318286896
5000 27.70268750190735
10000 58.50066137313843
15000 90.17377352714539
20000 121.2806088924408
25000 150.84575533866882
30000 181.56303358078003
35000 212.32785058021545
40000 243.04095125198364
45000 274.44110202789307
50000 305.43438172340393
55000 335.46197962760925
60000 366.62086629867554
65000 397.7169146537781
70000 427.0669960975647
5000 27.788673162460327
10000 58.55661702156067
15000 89.31007599830627
20000 119.90635108947754
25000 150.7639045715332
30000 182.7432599067688