5000 1.8231279850006104
10000 3.816896438598633
15000 5.800468444824219
20000 7.779017210006714
25000 9.763262510299683
30000 11.768764019012451
35000 13.782793760299683
40000 15.755443334579468
45000 17.653647661209106
50000 19.83413815498352
55000 21.677218914031982
60000 23.69884943962097
65000 25.66355323791504
70000 27.671470880508423
5000 1.8299705982208252
10000 3.827800750732422
15000 5.83950400352478
20000 7.744191884994507
25000 9.749717950820923
30000 11.971959829330444
35000 13.839845657348633
40000 15.765990972518921
45000 17.68982982635498
50000 19.724563598632812
55000 21.7389817237854
60000 23.850778102874756
65000 25.641451358795166
70000 27.65736198425293
5000 1.8177075386047363
10000 3.8062140941619873
15000 5.768673896789551
20000 7.77664041519165
25000 9.816967725753784
30000 11.88988471031189
35000 13.84177541732788
40000 15.764375448226929
45000 17.74708580970764
50000 19.681079626083374
55000 21.876834869384766
60000 23.85020136833191
65000 25.759630918502808
70000 27.65097951889038
5000 1.843757152557373
10000 3.777418375015259
15000 5.83149790763855
20000 7.796092987060547
25000 9.839374303817749
30000 11.785009145736694
35000 13.75338101387024
40000 15.72804880142212
45000 17.854254484176636
50000 19.766035079956055
55000 21.671710729599
60000 23.766437292099
65000 25.726073741912842
70000 27.910125494003296
5000 1.8080942630767822
10000 3.7957022190093994
15000 6.274147987365723
20000 7.774815797805786
25000 9.809637069702148
30000 11.973474264144897
35000 13.765055418014526
40000 15.728706359863281
45000 17.694258213043213
50000 19.841471672058105
55000 21.715137243270874
60000 23.656874179840088
65000 25.871180295944214
70000 27.67146944999695
5000 1.8125450611114502
10000 3.8102896213531494
15000 5.764620065689087
20000 7.892585039138794
25000 9.786990642547607
30000 11.749727010726929
35000 13.808873891830444
40000 15.717666864395142
45000 17.78925609588623
50000 19.839224576950073
55000 21.787588834762573
60000 23.94759202003479
65000 25.720356225967407
70000 27.65566921234131
5000 1.8213202953338623
10000 3.8021905422210693
15000 5.829713344573975
20000 7.793845176696777
25000 9.787108659744263
30000 11.820666313171387
35000 13.847373008728027
40000 15.750687837600708
45000 17.821115732192993
50000 19.73335862159729
55000 21.82136821746826
60000 23.920774698257446
65000 25.92352867126465
70000 27.83299684524536
5000 1.828368902206421
10000 3.811743974685669
15000 5.987591505050659
20000 7.824097156524658
25000 9.776615142822266
30000 11.90576434135437
35000 14.620184183120728
40000 16.589683294296265
45000 18.944172382354736
50000 19.838691234588623
55000 21.694483757019043
60000 24.681180000305176
65000 25.876556873321533
70000 27.775943517684937
5000 1.8122475147247314
10000 3.8376731872558594
15000 5.784149885177612
20000 7.806563138961792
25000 9.793546199798584
30000 11.819042205810547
35000 13.799103260040283
40000 15.724133729934692
45000 17.772598266601562
50000 20.11852502822876
55000 21.822850942611694
60000 23.716339111328125
65000 25.85195302963257
70000 27.700761795043945
5000 1.8205177783966064
10000 3.796844482421875
15000 5.81168270111084
20000 7.769031524658203
25000 9.906851291656494
30000 11.767564296722412
35000 13.767303466796875
40000 15.769622087478638
45000 17.790550231933594
50000 19.805191040039062
55000 21.71736192703247
60000 24.082993745803833
65000 25.753796815872192
70000 28.297767639160156

​

​