5000 36.15028429031372
10000 74.47134971618652
15000 110.13007497787476
20000 122.9282739162445
25000 153.90668559074402
30000 185.87269854545593
35000 230.37124037742615
40000 261.8380904197693
45000 313.79724049568176
50000 340.64408016204834
55000 363.6963562965393
60000 378.12457489967346
65000 401.4970636367798
70000 431.4879593849182
5000 27.782208681106567
10000 58.82941436767578
15000 89.73984146118164
20000 120.68612551689148
25000 151.546071767807
30000 183.62968277931213
35000 215.7198338508606
40000 244.63484144210815
45000 276.34193229675293
50000 306.75719261169434
55000 340.30456614494324
60000 368.2723698616028
65000 400.31513595581055
70000 431.84776520729065
5000 27.785409450531006
10000 58.719096660614014
15000 89.70029997825623
20000 120.6013765335083
25000 151.43269228935242
30000 182.83602333068848
35000 213.00812482833862
40000 244.6670958995819
45000 275.76173543930054
50000 306.8502724170685
55000 336.9527769088745
60000 369.67310786247253
65000 399.6784658432007
70000 430.44663405418396
5000 27.759187936782837
10000 58.69567513465881
15000 89.51638388633728
20000 120.18913960456848
25000 151.2236533164978
30000 182.2564263343811
35000 213.2887773513794
40000 244.41108798980713
45000 275.30219769477844
50000 306.1906454563141
55000 337.44733023643494
60000 369.01950550079346
65000 401.21990299224854
70000 430.6342022418976
5000 27.872822284698486
10000 58.59906005859375
15000 89.81172966957092
20000 120.68743085861206
25000 151.48137211799622
30000 182.28695368766785
35000 213.03432059288025
40000 244.03647184371948
45000 275.0176455974579
50000 305.90804719924927
55000 336.88268876075745
60000 368.0134856700897
65000 399.41726088523865
70000 431.6898636817932
5000 27.763263940811157
10000 58.679640769958496
15000 89.42772340774536
20000 120.39476680755615
25000 151.33544039726257
30000 182.5942738056183
35000 213.38138103485107
40000 244.2485589981079
45000 275.23803329467773
50000 306.62995409965515
55000 336.9352753162384
60000 367.95700335502625
65000 398.25789737701416
70000 430.06373953819275
5000 27.789914846420288
10000 58.71556329727173
15000 89.68558645248413
20000 121.13652968406677
25000 152.81449794769287
30000 184.56405568122864
35000 215.6267433166504
40000 246.78809642791748
45000 278.00774097442627
50000 308.81024408340454
55000 339.59030055999756
60000 370.5745356082916
65000 402.3122389316559
70000 433.6098663806915
5000 27.973695993423462
10000 58.69556999206543
15000 89.85912132263184
20000 120.75076055526733
25000 151.5023648738861
30000 182.67940759658813
35000 215.18237614631653
40000 244.81377148628235
45000 275.33042001724243
50000 308.9180884361267
55000 337.22638416290283
60000 368.5235822200775
65000 400.62209963798523
70000 430.95810437202454
5000 27.821507453918457
10000 58.69421315193176
15000 89.66665434837341
20000 120.70629739761353
25000 151.4741382598877
30000 182.74376893043518
35000 213.53970050811768
40000 246.18151211738586
45000 274.9833583831787
50000 306.69917392730713
55000 337.97958517074585
60000 368.48814368247986
65000 399.2427031993866
70000 430.67918491363525
5000 27.745880842208862
10000 58.75974941253662
15000 89.4907283782959
20000 120.87249398231506
25000 151.68781399726868
30000 182.4423689842224
35000 213.14395403862
40000 244.44647574424744
45000 275.2907555103302
50000 308.09517765045166
55000 337.1753580570221
60000 368.34568643569946
65000 399.09010577201843
70000 429.81210684776306