5000 13.707865953445435
10000 26.38671565055847
15000 40.99437236785889
20000 52.7726047039032
25000 62.94655156135559
30000 73.76067614555359
35000 85.9194278717041
40000 99.72405314445496
45000 108.7968475818634
50000 133.03819608688354
55000 150.92800903320312
60000 155.26200580596924
65000 160.36329293251038
70000 176.46459007263184
5000 12.511558055877686
10000 24.869870901107788
15000 40.164448499679565
20000 51.88101553916931
25000 62.880165815353394
30000 83.6086037158966
35000 93.62679886817932
40000 102.59938788414001
45000 112.33398199081421
50000 133.37374544143677
55000 128.16053891181946
60000 148.66282749176025
65000 168.89427208900452
70000 183.2617380619049
5000 11.328647375106812
10000 23.081599473953247
15000 34.35826110839844
20000 50.275853872299194
25000 61.03657364845276
30000 72.33907294273376
35000 87.83922529220581
40000 98.76981735229492
45000 120.83154559135437
50000 131.86397552490234
55000 149.3603494167328
60000 154.27601671218872
65000 165.32939553260803
70000 164.0672459602356
5000 11.0643892288208
10000 22.512341737747192
15000 34.17925190925598
20000 45.498257637023926
25000 57.3622682094574
30000 76.79386234283447
35000 96.04329705238342
40000 103.09899401664734
45000 114.85762429237366
50000 140.6191327571869
55000 151.37233448028564
60000 150.15237426757812
65000 149.191419839859
70000 159.6846661567688
5000 10.926859855651855
10000 22.512557983398438
15000 33.93462920188904
20000 44.90181303024292
25000 56.15822672843933
30000 69.48445439338684
35000 80.87707543373108
40000 99.8803436756134
45000 112.92816853523254
50000 124.09447193145752
55000 143.4307131767273
60000 138.1216094493866
65000 152.9927110671997
70000 191.55269241333008