5000 3.191283941268921
10000 7.3938703536987305
15000 11.275568008422852
20000 14.794753313064575
25000 18.97869062423706
30000 22.76943325996399
35000 26.45971393585205
40000 30.311264514923096
45000 34.18070888519287
50000 38.33065056800842
55000 42.30643439292908
60000 45.969791650772095
65000 50.25539755821228
70000 53.99090099334717
5000 3.13857102394104
10000 7.002218961715698
15000 10.933567523956299
20000 14.932464361190796
25000 18.804077863693237
30000 22.743812799453735
35000 27.477471113204956
40000 31.112128496170044
45000 34.78610587120056
50000 38.692827463150024
55000 42.580366134643555
60000 46.78908705711365
65000 50.692097425460815
70000 54.86076235771179
5000 3.2701256275177
10000 7.060977935791016
15000 10.92524528503418
20000 14.820945501327515
25000 18.838000297546387
30000 22.718435049057007
35000 26.581719636917114
40000 30.39151906967163
45000 34.395931005477905
50000 38.19883704185486
55000 42.37530970573425
60000 46.35889720916748
65000 49.95534920692444
70000 53.64308047294617
5000 3.1303255558013916
10000 7.0211076736450195
15000 10.906572818756104
20000 14.794209957122803
25000 18.787320137023926
30000 22.74249505996704
35000 26.463701248168945
40000 30.34194588661194
45000 34.500728368759155
50000 38.344887018203735
55000 41.97050452232361
60000 45.88912582397461
65000 50.572338581085205
70000 53.68662619590759
5000 3.1651737689971924
10000 7.035519361495972
15000 10.944277286529541
20000 14.858999490737915
25000 18.76944327354431
30000 22.67277455329895
35000 26.492484092712402
40000 30.367690563201904
45000 34.36441969871521
50000 38.14681601524353
55000 42.11939549446106
60000 46.0490608215332
65000 49.83588147163391
70000 54.33875489234924
5000 3.1293718814849854
10000 7.038799524307251
15000 10.947805881500244
20000 14.786795854568481
25000 18.926291465759277
30000 22.645949363708496
5000 3.4844985008239746
10000 7.977497816085815
15000 11.61866569519043
20000 16.70598602294922
25000 21.784741401672363
30000 25.795218467712402
35000 32.306697368621826
40000 32.669678926467896
45000 36.97559452056885
50000 40.77655482292175
55000 46.195135831832886
60000 49.53217434883118
65000 62.20000767707825
70000 67.17032647132874
5000 3.827115058898926
10000 9.353832244873047
15000 18.459867238998413
20000 18.58459448814392
25000 20.534373998641968
30000 24.48595356941223
35000 27.786402702331543
40000 32.0748496055603
45000 35.369115114212036
50000 39.556743144989014
55000 44.888288497924805
60000 53.75148010253906
65000 55.51641082763672
70000 66.24415063858032
5000 3.394136428833008
10000 8.097223997116089
15000 14.783468008041382
20000 18.28841733932495
25000 20.876538038253784
30000 23.639709949493408
35000 27.955528736114502
40000 33.39506983757019
45000 36.03793263435364
50000 41.04124140739441
55000 46.12470531463623
60000 49.6038818359375
65000 54.15940618515015
70000 57.727264642715454
5000 3.2922799587249756
10000 7.501245498657227
15000 12.17594838142395
20000 15.334596157073975
25000 19.453510999679565
30000 23.444509506225586
35000 29.460373401641846
40000 32.370259046554565
45000 38.83780074119568
50000 47.045581579208374
55000 46.12179112434387
60000 51.31868505477905
65000 55.87663269042969