5000 1.1563546657562256
10000 2.419672966003418
15000 4.152233600616455
20000 5.86661434173584
25000 5.874053478240967
30000 6.516931056976318
35000 7.467641353607178
40000 8.071386098861694
45000 9.076477766036987
50000 10.085536479949951
55000 11.183775901794434
60000 12.12302041053772
65000 13.142362356185913
70000 14.151480436325073
5000 0.9872148036956787
10000 2.140671730041504
15000 3.052489995956421
20000 4.0114617347717285
25000 5.057100057601929
30000 6.071056842803955
35000 7.060390949249268
40000 8.063395738601685
45000 9.081043004989624
50000 10.083065271377563
55000 11.106750011444092
60000 12.073061466217041
65000 13.173277854919434
70000 14.094401836395264
5000 0.9624419212341309
10000 2.0211591720581055
15000 2.9984965324401855
20000 4.0242815017700195
25000 5.019019603729248
30000 5.99012565612793
35000 7.09805703163147
40000 8.093059301376343
45000 9.034225225448608
50000 10.13066554069519
55000 11.108052968978882
60000 12.1058931350708
65000 13.304697275161743
70000 14.160659313201904
5000 0.983726978302002
10000 1.9951839447021484
15000 3.011644124984741
20000 4.035269260406494
25000 4.984757423400879
30000 6.041017293930054
35000 7.042423486709595
40000 8.042285203933716
45000 9.13927936553955
50000 10.09810757637024
55000 11.102818012237549
60000 12.072147369384766
65000 13.174693584442139
70000 14.094465255737305
5000 0.9967598915100098
10000 2.001532793045044
15000 2.9708797931671143
20000 3.996152877807617
25000 5.032340049743652
30000 6.048982381820679
35000 7.055345773696899
40000 8.055616855621338
45000 9.09076714515686
50000 10.0794358253479
55000 11.118090629577637
60000 12.111775636672974
65000 13.126309156417847
70000 14.122370481491089
5000 0.9717280864715576
10000 2.0001447200775146
15000 3.0002992153167725
20000 3.997819662094116
25000 5.015648365020752
30000 6.055787801742554
35000 7.050906419754028
40000 8.078027248382568
45000 9.060022592544556
50000 10.011818408966064
55000 11.091739416122437
60000 12.287970781326294
65000 13.13310718536377
70000 14.116173505783081
5000 0.9888103008270264
10000 1.992412805557251
15000 3.0087180137634277
20000 4.009892463684082
25000 5.014273166656494
30000 6.026161432266235
35000 7.0076539516448975
40000 8.087088584899902
45000 9.015772581100464
50000 10.047417163848877
55000 11.113106727600098
60000 12.30742359161377
65000 13.283179759979248
70000 14.126974105834961
5000 0.9761569499969482
10000 1.986194133758545
15000 3.010545253753662
20000 4.050941228866577
25000 5.342077732086182
30000 6.448851108551025
35000 7.08385157585144
40000 8.142255306243896
45000 9.099667310714722
50000 10.047182321548462
55000 11.193279027938843
60000 12.20514726638794
65000 13.123677253723145
70000 14.205382108688354
5000 0.989046573638916
10000 1.993260383605957
15000 3.026642322540283
20000 3.9849352836608887
25000 5.004583835601807
30000 6.062861680984497
35000 7.0495171546936035
40000 8.04171371459961
45000 9.11572003364563
50000 10.080790281295776
55000 11.147908449172974
60000 12.13671588897705
65000 13.069939374923706
70000 14.178147077560425
5000 0.983013391494751
10000 1.9690876007080078
15000 3.05039381980896
20000 4.056220054626465
25000 5.079858779907227
30000 6.0367608070373535
35000 7.029452562332153
40000 8.061793088912964
45000 9.054886102676392
50000 10.17412805557251
55000 11.1413414478302
60000 12.126525402069092
65000 13.173206567764282
70000 14.082399845123291