5000 2.78224778175354
10000 5.865471363067627
15000 8.594739198684692
20000 11.49916958808899
25000 14.439351081848145
30000 17.44394326210022
35000 20.573955535888672
40000 23.62071704864502
45000 26.897940158843994
50000 29.402395009994507
55000 32.208672761917114
60000 35.40497612953186
65000 38.13041877746582
70000 41.085083961486816
5000 2.5417745113372803
10000 5.49898099899292
15000 8.46606707572937
20000 11.534358263015747
25000 14.386224269866943
30000 17.343141794204712
35000 20.315749168395996
40000 23.394724130630493
45000 26.384025812149048
50000 29.10714602470398
55000 31.97221541404724
60000 34.95640850067139
65000 37.66549491882324
70000 40.599844217300415
5000 2.511429786682129
10000 5.398767709732056
15000 8.397263288497925
20000 11.305027723312378
25000 14.174690961837769
30000 17.18991994857788
35000 20.092764854431152
40000 23.101832151412964
45000 25.930347681045532
50000 28.868181228637695
55000 31.76353645324707
60000 34.89735746383667
65000 37.57934880256653
70000 40.4608211517334
5000 2.5060088634490967
10000 5.456733226776123
15000 8.3663911819458
20000 11.30248212814331
25000 14.271859884262085
30000 17.07323145866394
35000 20.064217805862427
40000 23.08424997329712
45000 25.976768255233765
50000 28.917056560516357
55000 31.93763303756714
60000 34.695313453674316
65000 37.71327590942383
70000 40.72626256942749
5000 2.5183444023132324
10000 5.417633056640625
15000 8.351453304290771
20000 11.308505773544312
25000 14.222909688949585
30000 17.211467504501343
35000 20.09176540374756
40000 23.000542879104614
45000 25.95081329345703
50000 28.95958399772644
55000 31.95994281768799
60000 34.760157346725464
65000 37.73181653022766
70000 40.53940677642822
5000 2.52256441116333
10000 5.449015140533447
15000 8.45547103881836
20000 11.276213884353638
25000 14.221920251846313
30000 17.25203275680542
35000 20.064931631088257
40000 22.979389190673828
45000 25.98704218864441
50000 28.87720489501953
55000 32.09049677848816
60000 34.80843186378479
65000 37.7469482421875
70000 40.621241331100464
5000 2.5224246978759766
10000 5.416486024856567
15000 8.392448902130127
20000 11.262583017349243
25000 14.178056240081787
30000 17.128448247909546
35000 20.184152126312256
40000 23.041404485702515
45000 25.865049362182617
50000 28.905075311660767
55000 31.807938814163208
60000 34.84008717536926
65000 37.648494243621826
70000 40.65119242668152
5000 2.5506134033203125
10000 5.42242431640625
15000 8.456040382385254
20000 11.34630823135376
25000 14.2385892868042
30000 17.140705108642578
35000 20.008306741714478
40000 23.020761251449585
45000 25.941410779953003
50000 29.06368064880371
55000 32.220372676849365
60000 35.05235266685486
65000 37.81382656097412
70000 40.89511036872864
5000 2.5205276012420654
10000 5.422899007797241
15000 8.364382028579712
20000 11.326419591903687
25000 14.227176427841187
30000 17.173217058181763
35000 20.234383821487427
40000 22.97732448577881
45000 25.91582703590393
50000 28.739228010177612
55000 31.894163131713867
60000 34.74806618690491
65000 37.645652294158936
70000 40.66003489494324
5000 2.504875659942627
10000 5.5545432567596436
15000 8.35899019241333
20000 11.338335752487183
25000 14.186084270477295
30000 17.252795696258545
35000 20.034464597702026
40000 23.1165771484375
45000 26.00438904762268
50000 28.900468111038208
55000 32.00919461250305
60000 34.81827187538147
65000 37.76682090759277
70000 40.63312768936157
